20140101 20140129
Month is:  01               timestamp  air_temp  ...  wind_gust  water_level
0   2014-01-01 00 00 00      20.6  ...        5.3       -0.050
1   2014-01-01 01 00 00      20.2  ...        5.3       -0.072
2   2014-01-01 02 00 00      19.8  ...        7.0       -0.063
3   2014-01-01 03 00 00      19.3  ...        5.9       -0.001
4   2014-01-01 04 00 00      18.6  ...        5.2        0.057
5   2014-01-01 05 00 00      18.0  ...        5.5        0.110
6   2014-01-01 06 00 00      17.7  ...        5.7        0.182
7   2014-01-01 07 00 00      17.5  ...        5.9        0.232
8   2014-01-01 08 00 00      17.6  ...        4.3        0.264
9   2014-01-01 09 00 00      17.6  ...        5.2        0.226
10  2014-01-01 10 00 00      17.8  ...        5.3        0.159
11  2014-01-01 11 00 00      18.3  ...        4.4        0.112
12  2014-01-01 12 00 00      18.6  ...        4.3        0.056
13  2014-01-01 13 00 00      18.3  ...        6.0        0.001
14  2014-01-01 14 00 00      19.6  ...        5.0       -0.050
15  2014-01-01 15 00 00      21.4  ...        4.9       -0.095
16  2014-01-01 16 00 00      23.5  ...        4.8       -0.122
17  2014-01-01 17 00 00      24.7  ...        3.9       -0.094
18  2014-01-01 18 00 00      25.5  ...        3.3       -0.033
19  2014-01-01 19 00 00      24.8  ...        2.6        0.023
20  2014-01-01 20 00 00      24.9  ...        1.3        0.093
21  2014-01-01 21 00 00      25.0  ...        0.7        0.152
22  2014-01-01 22 00 00      23.5  ...        1.7        0.186
23  2014-01-01 23 00 00      22.8  ...        3.2        0.188
24  2014-01-02 00 00 00      22.0  ...        3.3        0.166
25  2014-01-02 01 00 00      21.8  ...        3.7        0.137
26  2014-01-02 02 00 00      21.6  ...        2.2        0.122
27  2014-01-02 03 00 00      21.3  ...        2.8        0.163
28  2014-01-02 04 00 00      21.2  ...        2.6        0.242
29  2014-01-02 05 00 00      20.9  ...        2.1        0.313
30  2014-01-02 06 00 00      20.6  ...        1.8        0.389
31  2014-01-02 07 00 00      20.4  ...        1.4        0.456
32  2014-01-02 08 00 00      20.1  ...        1.6        0.506
33  2014-01-02 09 00 00      19.9  ...        1.4        0.516
34  2014-01-02 10 00 00      19.5  ...        1.2        0.453
35  2014-01-02 11 00 00      19.4  ...        1.9        0.383
36  2014-01-02 12 00 00      19.6  ...        2.4        0.320
37  2014-01-02 13 00 00      20.2  ...        3.2        0.257
38  2014-01-02 14 00 00      22.5  ...        4.3        0.195
39  2014-01-02 15 00 00      24.7  ...        5.8        0.139
40  2014-01-02 16 00 00      25.3  ...        7.7        0.111
41  2014-01-02 17 00 00      26.4  ...        8.7        0.120
42  2014-01-02 18 00 00      26.4  ...        7.8        0.194
43  2014-01-02 19 00 00      25.6  ...        8.4        0.252
44  2014-01-02 20 00 00      26.2  ...        4.7        0.313
45  2014-01-02 21 00 00      24.8  ...        5.4        0.374
46  2014-01-02 22 00 00      24.3  ...        6.3        0.416
47  2014-01-02 23 00 00      24.0  ...        5.2        0.435
48  2014-01-03 00 00 00      21.3  ...        4.8        0.408
49  2014-01-03 01 00 00      21.6  ...        4.0        0.367
50  2014-01-03 02 00 00      21.8  ...        3.2        0.325
51  2014-01-03 03 00 00      22.0  ...        5.0        0.289
52  2014-01-03 04 00 00      21.3  ...        4.3        0.304
53  2014-01-03 05 00 00      21.0  ...        3.4        0.395
54  2014-01-03 06 00 00      19.0  ...       12.3        0.458
55  2014-01-03 07 00 00      17.2  ...        7.8        0.507

[56 rows x 7 columns]
File not found, writing new file with header.
20140201 20140229
Caught an error: Invalid date format '20140229' provided.See https://tidesandcurrents.noaa.gov/api/ for list of accepted date formats., some obs not available in this period
20140301 20140329
Month is:  03                timestamp  air_temp  ...  wind_gust  water_level
0    2014-03-01 00 00 00      18.3  ...        4.7        0.171
1    2014-03-01 01 00 00      17.5  ...        4.4        0.122
2    2014-03-01 02 00 00      16.4  ...        3.8        0.082
3    2014-03-01 03 00 00      15.1  ...        2.8        0.072
4    2014-03-01 04 00 00      14.5  ...        3.3        0.142
..                   ...       ...  ...        ...          ...
542  2014-03-23 14 00 00      23.8  ...        2.2        0.215
543  2014-03-23 15 00 00      25.1  ...        3.2        0.250
544  2014-03-23 16 00 00      26.8  ...        4.0        0.269
545  2014-03-23 17 00 00      27.2  ...        4.2        0.264
546  2014-03-23 18 00 00      26.3  ...        5.7        0.264

[547 rows x 7 columns]
20140401 20140429
Month is:  04                timestamp  air_temp  ...  wind_gust  water_level
0    2014-04-01 00 00 00      21.9  ...        2.1        0.191
1    2014-04-01 01 00 00      20.4  ...        1.9        0.144
2    2014-04-01 02 00 00      19.7  ...        2.9        0.093
3    2014-04-01 03 00 00      18.9  ...        2.4        0.049
4    2014-04-01 04 00 00      18.8  ...        3.1        0.008
..                   ...       ...  ...        ...          ...
273  2014-04-12 09 00 00      20.2  ...        1.7        0.204
274  2014-04-12 10 00 00      20.2  ...        3.1        0.150
275  2014-04-12 11 00 00      19.7  ...        3.3        0.103
276  2014-04-12 12 00 00      20.0  ...        4.4        0.060
277  2014-04-12 13 00 00      22.6  ...        4.1        0.018

[278 rows x 7 columns]
20140501 20140529
Month is:  05                timestamp  air_temp  ...  wind_gust  water_level
0    2014-05-01 00 00 00      25.9  ...        2.3        0.449
1    2014-05-01 01 00 00      25.3  ...        3.1        0.385
2    2014-05-01 02 00 00      24.5  ...        2.3        0.319
3    2014-05-01 03 00 00      24.2  ...        4.3        0.257
4    2014-05-01 04 00 00      23.7  ...        2.9        0.193
..                   ...       ...  ...        ...          ...
277  2014-05-12 13 00 00      25.4  ...        4.0        0.159
278  2014-05-12 14 00 00      26.1  ...        5.1        0.208
279  2014-05-12 15 00 00      27.1  ...        5.7        0.274
280  2014-05-12 16 00 00      28.1  ...        5.1        0.336
281  2014-05-12 17 00 00      29.1  ...        7.6        0.399

[282 rows x 7 columns]
20140601 20140629
Month is:  06                timestamp  air_temp  ...  wind_gust  water_level
0    2014-06-01 00 00 00      24.1  ...        2.2        0.414
1    2014-06-01 01 00 00      24.3  ...        3.0        0.343
2    2014-06-01 02 00 00      24.3  ...        3.2        0.285
3    2014-06-01 03 00 00      24.3  ...        1.6        0.230
4    2014-06-01 04 00 00      24.7  ...        2.5        0.174
..                   ...       ...  ...        ...          ...
172  2014-06-08 04 00 00      27.0  ...        2.5        0.344
173  2014-06-08 05 00 00      26.5  ...        1.5        0.361
174  2014-06-08 06 00 00      26.4  ...        2.2        0.362
175  2014-06-08 07 00 00      26.3  ...        2.3        0.319
176  2014-06-08 08 00 00      26.0  ...        2.0        0.280

[177 rows x 7 columns]
20140701 20140729
Month is:  07                timestamp  air_temp  ...  wind_gust  water_level
0    2014-07-01 00 00 00      29.6  ...        4.1        0.310
1    2014-07-01 01 00 00      29.5  ...        2.0        0.263
2    2014-07-01 02 00 00      29.1  ...        2.5        0.207
3    2014-07-01 03 00 00      28.9  ...        2.6        0.159
4    2014-07-01 04 00 00      28.5  ...        2.7        0.112
..                   ...       ...  ...        ...          ...
171  2014-07-08 03 00 00      25.1  ...        2.4        0.209
172  2014-07-08 04 00 00      24.5  ...        2.0        0.250
173  2014-07-08 05 00 00      24.5  ...        1.4        0.290
174  2014-07-08 06 00 00      24.5  ...        2.3        0.311
175  2014-07-08 07 00 00      24.5  ...        2.7        0.304

[176 rows x 7 columns]
20140801 20140829
Month is:  08               timestamp  air_temp  ...  wind_gust  water_level
0   2014-08-01 00 00 00      30.0  ...        3.4        0.460
1   2014-08-01 01 00 00      30.1  ...        3.8        0.396
2   2014-08-01 02 00 00      27.9  ...        3.3        0.330
3   2014-08-01 03 00 00      28.7  ...        1.4        0.275
4   2014-08-01 04 00 00      27.7  ...        1.8        0.225
5   2014-08-01 05 00 00      27.7  ...        1.7        0.178
6   2014-08-01 06 00 00      27.4  ...        1.9        0.146
7   2014-08-01 07 00 00      26.8  ...        2.5        0.176
8   2014-08-01 08 00 00      26.3  ...        3.0        0.248
9   2014-08-01 09 00 00      26.0  ...        2.7        0.304
10  2014-08-01 10 00 00      25.9  ...        2.4        0.370
11  2014-08-01 11 00 00      25.8  ...        1.1        0.422
12  2014-08-01 12 00 00      27.9  ...        2.9        0.450
13  2014-08-01 13 00 00      29.4  ...        2.4        0.428
14  2014-08-01 14 00 00      31.3  ...        1.9        0.359
15  2014-08-01 15 00 00      30.6  ...        1.7        0.312
16  2014-08-01 16 00 00      30.8  ...        1.7        0.268
17  2014-08-01 17 00 00      30.4  ...        3.6        0.228
18  2014-08-01 18 00 00      31.5  ...        4.3        0.198
19  2014-08-01 19 00 00      32.0  ...        3.0        0.211
20  2014-08-01 20 00 00      31.6  ...        4.6        0.279
21  2014-08-01 21 00 00      30.7  ...        4.9        0.319
22  2014-08-01 22 00 00      30.7  ...        6.8        0.367
23  2014-08-01 23 00 00      29.7  ...        3.5        0.414
24  2014-08-02 00 00 00      28.9  ...        3.7        0.425
25  2014-08-02 01 00 00      27.5  ...        4.8        0.395
26  2014-08-02 02 00 00      26.3  ...        5.5        0.342
27  2014-08-02 03 00 00      25.9  ...        4.1        0.290
28  2014-08-02 04 00 00      25.6  ...        1.4        0.238
29  2014-08-02 05 00 00      25.3  ...        3.7        0.188
30  2014-08-02 06 00 00      25.2  ...        1.5        0.147
31  2014-08-02 07 00 00      25.0  ...        2.4        0.128
32  2014-08-02 08 00 00      24.9  ...        2.4        0.179
33  2014-08-02 09 00 00      24.8  ...        1.4        0.253
34  2014-08-02 10 00 00      24.9  ...        1.6        0.310
35  2014-08-02 11 00 00      25.0  ...        1.0        0.379
36  2014-08-02 12 00 00      27.0  ...        1.7        0.421
37  2014-08-02 13 00 00      26.9  ...        2.9        0.430
38  2014-08-02 14 00 00      27.8  ...        3.1        0.391
39  2014-08-02 15 00 00      28.8  ...        2.8        0.329
40  2014-08-02 16 00 00      30.1  ...        2.7        0.278
41  2014-08-02 17 00 00      30.9  ...        2.4        0.234
42  2014-08-02 18 00 00      32.4  ...        1.8        0.191
43  2014-08-02 19 00 00      33.5  ...        1.6        0.165
44  2014-08-02 20 00 00      33.5  ...        2.6        0.176
45  2014-08-02 21 00 00      33.9  ...        2.4        0.236
46  2014-08-02 22 00 00      32.7  ...        3.6        0.295
47  2014-08-02 23 00 00      28.1  ...        7.1        0.354
48  2014-08-03 00 00 00      27.5  ...        5.4        0.369
49  2014-08-03 01 00 00      26.5  ...        2.1        0.407
50  2014-08-03 02 00 00      26.6  ...        1.7        0.381
51  2014-08-03 03 00 00      27.6  ...        1.6        0.323

[52 rows x 7 columns]
20140901 20140929
Month is:  09                timestamp  air_temp  ...  wind_gust  water_level
0    2014-09-01 00 00 00      28.7  ...        3.0        0.492
1    2014-09-01 01 00 00      25.6  ...        1.9        0.506
2    2014-09-01 02 00 00      25.8  ...        0.9        0.520
3    2014-09-01 03 00 00      26.0  ...        1.2        0.473
4    2014-09-01 04 00 00      26.3  ...        2.6        0.405
..                   ...       ...  ...        ...          ...
256  2014-09-11 16 00 00      29.1  ...        2.1        0.208
257  2014-09-11 17 00 00      31.0  ...        1.6        0.192
258  2014-09-11 18 00 00      32.4  ...        1.1        0.258
259  2014-09-11 19 00 00      31.7  ...        3.4        0.340
260  2014-09-11 20 00 00      30.1  ...        4.7        0.409

[261 rows x 7 columns]
20141001 20141029
Month is:  10               timestamp  air_temp  ...  wind_gust  water_level
0   2014-10-01 00 00 00      25.6  ...        2.2        0.560
1   2014-10-01 01 00 00      26.0  ...        0.7        0.602
2   2014-10-01 02 00 00      25.9  ...        2.2        0.602
3   2014-10-01 03 00 00      25.8  ...        1.0        0.567
4   2014-10-01 04 00 00      25.4  ...        1.8        0.523
5   2014-10-01 05 00 00      25.9  ...        0.7        0.487
6   2014-10-01 06 00 00      26.3  ...        2.3        0.460
7   2014-10-01 07 00 00      25.9  ...        1.6        0.458
8   2014-10-01 08 00 00      25.8  ...        1.3        0.491
9   2014-10-01 09 00 00      26.4  ...        2.0        0.547
10  2014-10-01 10 00 00      26.6  ...        3.4        0.608
11  2014-10-01 11 00 00      25.5  ...        1.6        0.663
12  2014-10-01 12 00 00      25.6  ...        4.7        0.718
13  2014-10-01 13 00 00      28.3  ...        1.3        0.724
14  2014-10-01 14 00 00      28.1  ...        3.9        0.686
15  2014-10-01 15 00 00      28.8  ...        4.4        0.619
16  2014-10-01 16 00 00      29.3  ...        4.4        0.565
17  2014-10-01 17 00 00      29.7  ...        5.8        0.514
18  2014-10-01 18 00 00      29.7  ...        6.1        0.461
19  2014-10-01 19 00 00      29.9  ...        6.7        0.407

[20 rows x 7 columns]
20141101 20141129
Month is:  11               timestamp  air_temp  ...  wind_gust  water_level
0   2014-11-01 00 00 00      21.3  ...        5.1        0.241
1   2014-11-01 01 00 00      20.5  ...        4.3        0.292
2   2014-11-01 02 00 00      20.3  ...        5.1        0.348
3   2014-11-01 03 00 00      19.8  ...        5.1        0.394
4   2014-11-01 04 00 00      19.5  ...        3.3        0.423
5   2014-11-01 05 00 00      19.3  ...        3.8        0.425
6   2014-11-01 06 00 00      18.9  ...        3.7        0.384
7   2014-11-01 07 00 00      19.2  ...        3.0        0.333
8   2014-11-01 08 00 00      19.5  ...        1.8        0.291
9   2014-11-01 09 00 00      17.9  ...        1.7        0.260
10  2014-11-01 10 00 00      18.3  ...        1.3        0.262
11  2014-11-01 11 00 00      18.1  ...        0.9        0.328
12  2014-11-01 12 00 00      19.4  ...        4.2        0.382
13  2014-11-01 13 00 00      20.0  ...        9.4        0.429
14  2014-11-01 14 00 00      19.6  ...        5.9        0.469
15  2014-11-01 15 00 00      21.0  ...        8.9        0.494
16  2014-11-01 16 00 00      21.3  ...       13.2        0.469
17  2014-11-01 17 00 00      20.5  ...       10.7        0.422
18  2014-11-01 18 00 00      19.7  ...       10.9        0.364

[19 rows x 7 columns]
20141201 20141229
Month is:  12               timestamp  air_temp  ...  wind_gust  water_level
0   2014-12-01 00 00 00      21.6  ...        4.5        0.272
1   2014-12-01 01 00 00      20.2  ...        4.4        0.338
2   2014-12-01 02 00 00      19.4  ...        4.2        0.408
3   2014-12-01 03 00 00      19.6  ...        5.0        0.464
4   2014-12-01 04 00 00      18.7  ...        2.3        0.502
5   2014-12-01 05 00 00      18.0  ...        4.3        0.499
6   2014-12-01 06 00 00      17.6  ...        3.4        0.437
7   2014-12-01 07 00 00      17.4  ...        3.7        0.371
8   2014-12-01 08 00 00      16.9  ...        3.2        0.315
9   2014-12-01 09 00 00      16.7  ...        3.3        0.257
10  2014-12-01 10 00 00      17.4  ...        3.1        0.210
11  2014-12-01 11 00 00      17.2  ...        4.0        0.169
12  2014-12-01 12 00 00      18.6  ...        6.7        0.168
13  2014-12-01 13 00 00      19.6  ...        6.0        0.209
14  2014-12-01 14 00 00      21.3  ...        5.4        0.250
15  2014-12-01 15 00 00      22.9  ...        6.2        0.304
16  2014-12-01 16 00 00      24.0  ...        5.8        0.340
17  2014-12-01 17 00 00      25.4  ...        6.0        0.347
18  2014-12-01 18 00 00      25.2  ...        8.5        0.336
19  2014-12-01 19 00 00      25.4  ...        8.2        0.286
20  2014-12-01 20 00 00      25.0  ...        3.9        0.238
21  2014-12-01 21 00 00      25.1  ...        5.5        0.196
22  2014-12-01 22 00 00      24.5  ...        8.0        0.163
23  2014-12-01 23 00 00      23.3  ...        7.9        0.168
24  2014-12-02 00 00 00      22.4  ...        4.8        0.226
25  2014-12-02 01 00 00      21.7  ...        4.3        0.300
26  2014-12-02 02 00 00      20.9  ...        5.9        0.365
27  2014-12-02 03 00 00      20.0  ...        2.7        0.421
28  2014-12-02 04 00 00      19.8  ...        3.1        0.477
29  2014-12-02 05 00 00      19.7  ...        3.3        0.512
30  2014-12-02 06 00 00      19.4  ...        3.6        0.495
31  2014-12-02 07 00 00      19.3  ...        4.1        0.429
32  2014-12-02 08 00 00      19.1  ...        4.1        0.368
33  2014-12-02 09 00 00      18.8  ...        4.2        0.308
34  2014-12-02 10 00 00      18.7  ...        3.5        0.253
35  2014-12-02 11 00 00      18.5  ...        4.6        0.201

[36 rows x 7 columns]
20150101 20150128
Month is:  01              timestamp  air_temp  ...  wind_gust  water_level
0  2015-01-01 00 00 00      21.2  ...        5.0        0.145
1  2015-01-01 01 00 00      21.0  ...        4.3        0.200
2  2015-01-01 02 00 00      20.6  ...        5.4        0.255
3  2015-01-01 03 00 00      20.5  ...        5.0        0.296
4  2015-01-01 04 00 00      20.3  ...        4.4        0.325
5  2015-01-01 05 00 00      19.7  ...        4.6        0.346

[6 rows x 7 columns]
20150201 20150228
Month is:  02                timestamp  air_temp  ...  wind_gust  water_level
0    2015-02-01 00 00 00      19.1  ...        6.7        0.151
1    2015-02-01 01 00 00      18.0  ...        5.5        0.175
2    2015-02-01 02 00 00      17.1  ...        4.8        0.226
3    2015-02-01 03 00 00      16.2  ...        4.4        0.279
4    2015-02-01 04 00 00      15.4  ...        4.3        0.323
..                   ...       ...  ...        ...          ...
118  2015-02-05 22 00 00      19.0  ...        5.1        0.536
119  2015-02-05 23 00 00      18.1  ...        5.7        0.458
120  2015-02-06 00 00 00      17.0  ...        5.6        0.383
121  2015-02-06 01 00 00      15.9  ...        6.2        0.331
122  2015-02-06 02 00 00      16.1  ...        7.0        0.271

[123 rows x 7 columns]
20150301 20150328
Month is:  03 Empty DataFrame
Columns: []
Index: []
20150401 20150428
Month is:  04               timestamp  air_temp  ...  wind_gust  water_level
0   2015-04-01 00 00 00      22.2  ...        4.5        0.105
1   2015-04-01 01 00 00      21.7  ...        3.2        0.083
2   2015-04-01 02 00 00      21.3  ...        2.6        0.101
3   2015-04-01 03 00 00      21.0  ...        3.1        0.157
4   2015-04-01 04 00 00      20.3  ...        1.6        0.213
5   2015-04-01 05 00 00      20.6  ...        2.5        0.269
6   2015-04-01 06 00 00      20.2  ...        0.8        0.319
7   2015-04-01 07 00 00      19.7  ...        0.6        0.349
8   2015-04-01 08 00 00      20.2  ...        2.2        0.328
9   2015-04-01 09 00 00      19.9  ...        2.1        0.264
10  2015-04-01 10 00 00      18.2  ...        1.7        0.211
11  2015-04-01 11 00 00      18.4  ...        0.4        0.161
12  2015-04-01 12 00 00      18.4  ...        2.2        0.113
13  2015-04-01 13 00 00      22.2  ...        0.9        0.061
14  2015-04-01 14 00 00      23.3  ...        1.5        0.034
15  2015-04-01 15 00 00      23.1  ...        1.4        0.077
16  2015-04-01 16 00 00      24.0  ...        1.6        0.148
17  2015-04-01 17 00 00      25.1  ...        2.0        0.206
18  2015-04-01 18 00 00      25.5  ...        3.8        0.264
19  2015-04-01 19 00 00      25.8  ...        3.5        0.304
20  2015-04-01 20 00 00      26.2  ...        3.2        0.331
21  2015-04-01 21 00 00      26.0  ...        4.8        0.314
22  2015-04-01 22 00 00      25.4  ...        5.3        0.258
23  2015-04-01 23 00 00      25.5  ...        5.6        0.201
24  2015-04-02 00 00 00      23.1  ...        5.0        0.151
25  2015-04-02 01 00 00      22.3  ...        3.8        0.106
26  2015-04-02 02 00 00      21.6  ...        3.7        0.081
27  2015-04-02 03 00 00      21.3  ...        3.1        0.105
28  2015-04-02 04 00 00      20.8  ...        2.5        0.162
29  2015-04-02 05 00 00      20.6  ...        3.1        0.212
30  2015-04-02 06 00 00      20.4  ...        1.2        0.277
31  2015-04-02 07 00 00      20.5  ...        2.6        0.323
32  2015-04-02 08 00 00      20.1  ...        1.6        0.333
33  2015-04-02 09 00 00      20.1  ...        2.5        0.291
34  2015-04-02 10 00 00      20.0  ...        1.6        0.227
35  2015-04-02 11 00 00      19.5  ...        1.1        0.178
36  2015-04-02 12 00 00      20.0  ...        1.9        0.130
37  2015-04-02 13 00 00      20.3  ...        3.5        0.078
38  2015-04-02 14 00 00      21.7  ...        3.1        0.035
39  2015-04-02 15 00 00      22.8  ...        3.6        0.029
40  2015-04-02 16 00 00      24.3  ...        2.3        0.087
41  2015-04-02 17 00 00      25.3  ...        3.0        0.154
42  2015-04-02 18 00 00      26.1  ...        3.9        0.215
43  2015-04-02 19 00 00      27.1  ...        2.7        0.275
44  2015-04-02 20 00 00      28.7  ...        1.0        0.310
45  2015-04-02 21 00 00      28.4  ...        1.7        0.310
46  2015-04-02 22 00 00      26.9  ...        3.8        0.254
47  2015-04-02 23 00 00      26.0  ...        5.1        0.198
48  2015-04-03 00 00 00      23.9  ...        3.7        0.144
49  2015-04-03 01 00 00      23.6  ...        3.1        0.095
50  2015-04-03 02 00 00      23.3  ...        3.1        0.060
51  2015-04-03 03 00 00      23.0  ...        3.2        0.055

[52 rows x 7 columns]
20150501 20150528
Month is:  05              timestamp  air_temp  ...  wind_gust  water_level
0  2015-05-01 00 00 00      23.7  ...        5.4        0.224
1  2015-05-01 01 00 00      23.2  ...        6.3        0.173
2  2015-05-01 02 00 00      22.7  ...        5.4        0.142
3  2015-05-01 03 00 00      22.2  ...        3.5        0.147
4  2015-05-01 04 00 00      21.7  ...        4.7        0.200
5  2015-05-01 05 00 00      21.3  ...        4.6        0.250

[6 rows x 7 columns]
20150601 20150628
Month is:  06               timestamp  air_temp  ...  wind_gust  water_level
0   2015-06-01 00 00 00      22.1  ...        3.9        0.256
1   2015-06-01 01 00 00      23.5  ...        1.9        0.196
2   2015-06-01 02 00 00      23.1  ...        1.4        0.139
3   2015-06-01 03 00 00      23.6  ...        2.1        0.116
4   2015-06-01 04 00 00      24.2  ...        2.5        0.136
5   2015-06-01 05 00 00      23.6  ...        2.0        0.185
6   2015-06-01 06 00 00      23.4  ...        2.2        0.249
7   2015-06-01 07 00 00      23.7  ...        1.8        0.305
8   2015-06-01 08 00 00      23.6  ...        2.5        0.343
9   2015-06-01 09 00 00      23.4  ...        3.0        0.346
10  2015-06-01 10 00 00      23.1  ...        2.7        0.315
11  2015-06-01 11 00 00      23.6  ...        3.1        0.272
12  2015-06-01 12 00 00      25.7  ...        4.3        0.232
13  2015-06-01 13 00 00      27.1  ...        4.3        0.207
14  2015-06-01 14 00 00      28.0  ...        5.2        0.239
15  2015-06-01 15 00 00      29.1  ...        2.7        0.305
16  2015-06-01 16 00 00      30.4  ...        2.0        0.370
17  2015-06-01 17 00 00      29.3  ...        3.4        0.441
18  2015-06-01 18 00 00      29.4  ...        4.7        0.505
19  2015-06-01 19 00 00      30.4  ...        4.4        0.550

[20 rows x 7 columns]
20150701 20150728
Month is:  07               timestamp  air_temp  ...  wind_gust  water_level
0   2015-07-01 00 00 00      31.4  ...        5.3        0.212
1   2015-07-01 01 00 00      30.3  ...        3.0        0.152
2   2015-07-01 02 00 00      29.8  ...        1.2        0.098
3   2015-07-01 03 00 00      29.8  ...        1.7        0.048
4   2015-07-01 04 00 00      29.8  ...        2.9        0.034
..                  ...       ...  ...        ...          ...
64  2015-07-03 16 00 00      31.2  ...        2.0        0.228
65  2015-07-03 17 00 00      31.4  ...        3.2        0.309
66  2015-07-03 18 00 00      33.2  ...        2.6        0.383
67  2015-07-03 19 00 00      32.7  ...        2.5        0.460
68  2015-07-03 20 00 00      33.1  ...        3.5        0.523

[69 rows x 7 columns]
20150801 20150828
Month is:  08               timestamp  air_temp  ...  wind_gust  water_level
0   2015-08-01 00 00 00      29.3  ...        2.2        0.495
1   2015-08-01 01 00 00      29.4  ...        1.7        0.425
2   2015-08-01 02 00 00      29.3  ...        1.2        0.359
3   2015-08-01 03 00 00      27.5  ...        4.7        0.304
4   2015-08-01 04 00 00      24.9  ...        4.1        0.261
..                  ...       ...  ...        ...          ...
57  2015-08-03 09 00 00      24.6  ...        3.8        0.442
58  2015-08-03 10 00 00      24.6  ...        3.3        0.502
59  2015-08-03 11 00 00      24.7  ...        3.6        0.528
60  2015-08-03 12 00 00      25.5  ...        2.9        0.500
61  2015-08-03 13 00 00      26.8  ...        4.0        0.448

[62 rows x 7 columns]
20150901 20150928
Month is:  09                timestamp  air_temp  ...  wind_gust  water_level
0    2015-09-01 00 00 00      25.8  ...        1.5        0.585
1    2015-09-01 01 00 00      25.3  ...        2.4        0.519
2    2015-09-01 02 00 00      25.3  ...        2.5        0.458
3    2015-09-01 03 00 00      25.4  ...        2.4        0.397
4    2015-09-01 04 00 00      25.4  ...        2.1        0.344
..                   ...       ...  ...        ...          ...
153  2015-09-07 09 00 00      23.8  ...        2.2        0.293
154  2015-09-07 10 00 00      23.9  ...        2.2        0.298
155  2015-09-07 11 00 00      23.8  ...        1.7        0.370
156  2015-09-07 12 00 00      24.5  ...        2.2        0.439
157  2015-09-07 13 00 00      23.5  ...        4.7        0.499

[158 rows x 7 columns]
20151001 20151028
Month is:  10                timestamp  air_temp  ...  wind_gust  water_level
0    2015-10-01 00 00 00      28.3  ...        6.4        0.635
1    2015-10-01 01 00 00      27.9  ...        4.9        0.563
2    2015-10-01 02 00 00      27.7  ...        4.1        0.507
3    2015-10-01 03 00 00      27.3  ...        3.6        0.452
4    2015-10-01 04 00 00      26.9  ...        4.7        0.408
..                   ...       ...  ...        ...          ...
106  2015-10-05 10 00 00      22.3  ...        2.0        0.579
107  2015-10-05 11 00 00      22.3  ...        2.3        0.614
108  2015-10-05 12 00 00      21.8  ...        1.4        0.669
109  2015-10-05 13 00 00      23.5  ...        1.4        0.710
110  2015-10-05 14 00 00      25.2  ...        2.5        0.736

[111 rows x 7 columns]
20151101 20151128
Month is:  11               timestamp  air_temp  ...  wind_gust  water_level
0   2015-11-01 00 00 00      27.8  ...        0.4        0.556
1   2015-11-01 01 00 00      27.8  ...        3.4        0.571
2   2015-11-01 02 00 00      27.1  ...        2.7        0.565
3   2015-11-01 03 00 00      26.3  ...        4.6        0.528
4   2015-11-01 04 00 00      25.8  ...        4.1        0.487
5   2015-11-01 05 00 00      24.0  ...        2.9        0.469
6   2015-11-01 06 00 00      24.2  ...        2.2        0.500
7   2015-11-01 07 00 00      24.1  ...        2.0        0.564
8   2015-11-01 08 00 00      23.8  ...        3.0        0.623
9   2015-11-01 09 00 00      23.5  ...        3.0        0.675
10  2015-11-01 10 00 00      23.3  ...        2.4        0.715
11  2015-11-01 11 00 00      23.1  ...        2.5        0.730
12  2015-11-01 12 00 00      23.2  ...        2.6        0.694
13  2015-11-01 13 00 00      25.6  ...        3.2        0.621
14  2015-11-01 14 00 00      27.3  ...        4.5        0.556
15  2015-11-01 15 00 00      28.6  ...        6.6        0.496
16  2015-11-01 16 00 00      29.8  ...        6.2        0.428
17  2015-11-01 17 00 00      31.1  ...        3.2        0.365
18  2015-11-01 18 00 00      31.7  ...        4.5        0.310
19  2015-11-01 19 00 00      29.4  ...        4.4        0.284
20  2015-11-01 20 00 00      29.6  ...        5.1        0.308
21  2015-11-01 21 00 00      29.7  ...        4.8        0.378
22  2015-11-01 22 00 00      29.2  ...        4.5        0.437
23  2015-11-01 23 00 00      28.1  ...        3.9        0.492
24  2015-11-02 00 00 00      27.5  ...        2.6        0.539
25  2015-11-02 01 00 00      27.3  ...        2.9        0.571
26  2015-11-02 02 00 00      27.0  ...        1.5        0.575
27  2015-11-02 03 00 00      26.4  ...        1.0        0.540
28  2015-11-02 04 00 00      25.9  ...        2.6        0.508
29  2015-11-02 05 00 00      25.5  ...        2.9        0.476
30  2015-11-02 06 00 00      25.5  ...        2.8        0.462
31  2015-11-02 07 00 00      25.1  ...        2.0        0.485
32  2015-11-02 08 00 00      25.0  ...        3.3        0.530
33  2015-11-02 09 00 00      24.7  ...        2.5        0.581
34  2015-11-02 10 00 00      24.5  ...        1.6        0.629
35  2015-11-02 11 00 00      24.2  ...        1.7        0.666
36  2015-11-02 12 00 00      24.1  ...        2.3        0.689
37  2015-11-02 13 00 00      25.7  ...        3.4        0.668
38  2015-11-02 14 00 00      28.0  ...        5.3        0.600
39  2015-11-02 15 00 00      28.8  ...        6.6        0.537
40  2015-11-02 16 00 00      30.0  ...        4.7        0.475
41  2015-11-02 17 00 00      29.2  ...        3.8        0.418
42  2015-11-02 18 00 00      29.2  ...        4.7        0.365
43  2015-11-02 19 00 00      29.7  ...        4.9        0.311

[44 rows x 7 columns]
20151201 20151228
Month is:  12              timestamp  air_temp  ...  wind_gust  water_level
0  2015-12-01 00 00 00      25.7  ...        4.4        0.442

[1 rows x 7 columns]
20160101 20160128
Month is:  01               timestamp  air_temp  ...  wind_gust  water_level
0   2016-01-01 00 00 00      25.9  ...        2.1        0.430
1   2016-01-01 01 00 00      24.5  ...        1.0        0.465
2   2016-01-01 02 00 00      25.2  ...        1.3        0.482
3   2016-01-01 03 00 00      24.8  ...        0.3        0.443
4   2016-01-01 04 00 00      24.4  ...        0.6        0.379
..                  ...       ...  ...        ...          ...
59  2016-01-03 11 00 00      17.8  ...        6.5        0.119
60  2016-01-03 12 00 00      17.5  ...        5.4        0.106
61  2016-01-03 13 00 00      17.5  ...        4.0        0.127
62  2016-01-03 14 00 00      17.9  ...        6.5        0.172
63  2016-01-03 15 00 00      17.6  ...        6.5        0.221

[64 rows x 7 columns]
20160201 20160228
Month is:  02              timestamp  air_temp  ...  wind_gust  water_level
0  2016-02-01 00 00 00      21.6  ...        2.4        0.586
1  2016-02-01 01 00 00      21.0  ...        2.0        0.632
2  2016-02-01 02 00 00      20.3  ...        3.7        0.646
3  2016-02-01 03 00 00      20.3  ...        3.6        0.617
4  2016-02-01 04 00 00      20.2  ...        3.7        0.558

[5 rows x 7 columns]
File not found, writing new file with header.
20160301 20160328
Month is:  03               timestamp  air_temp  ...  wind_gust  water_level
0   2016-03-01 00 00 00      20.7  ...        3.3        0.411
1   2016-03-01 01 00 00      19.9  ...        2.8        0.396
2   2016-03-01 02 00 00      19.4  ...        2.4        0.346
3   2016-03-01 03 00 00      19.0  ...        2.8        0.293
4   2016-03-01 04 00 00      18.4  ...        1.8        0.248
5   2016-03-01 05 00 00      18.1  ...        2.1        0.205
6   2016-03-01 06 00 00      17.9  ...        2.1        0.162
7   2016-03-01 07 00 00      18.0  ...        1.5        0.121
8   2016-03-01 08 00 00      17.8  ...        1.6        0.088
9   2016-03-01 09 00 00      17.1  ...        1.0        0.067
10  2016-03-01 10 00 00      16.4  ...        1.6        0.077
11  2016-03-01 11 00 00      15.9  ...        1.0        0.117
12  2016-03-01 12 00 00      16.0  ...        1.6        0.163
13  2016-03-01 13 00 00      22.0  ...        0.2        0.194
14  2016-03-01 14 00 00      20.1  ...        1.4        0.224
15  2016-03-01 15 00 00      22.8  ...        0.8        0.247

[16 rows x 7 columns]
20160401 20160428
Month is:  04               timestamp  air_temp  ...  wind_gust  water_level
0   2016-04-01 00 00 00      26.1  ...        3.0        0.568
1   2016-04-01 01 00 00      25.3  ...        2.0        0.578
2   2016-04-01 02 00 00      24.7  ...        1.8        0.553
3   2016-04-01 03 00 00      24.5  ...        1.9        0.505
4   2016-04-01 04 00 00      24.0  ...        1.9        0.448
5   2016-04-01 05 00 00      23.5  ...        1.0        0.390
6   2016-04-01 06 00 00      22.7  ...        2.3        0.336
7   2016-04-01 07 00 00      21.9  ...        3.1        0.281
8   2016-04-01 08 00 00      22.1  ...        2.6        0.229
9   2016-04-01 09 00 00      22.3  ...        3.2        0.181
10  2016-04-01 10 00 00      22.8  ...        4.3        0.144
11  2016-04-01 11 00 00      23.1  ...        4.4        0.134
12  2016-04-01 12 00 00      23.4  ...        4.8        0.169
13  2016-04-01 13 00 00      24.3  ...        4.5        0.218
14  2016-04-01 14 00 00      27.4  ...        4.8        0.259
15  2016-04-01 15 00 00      28.7  ...        5.0        0.319
16  2016-04-01 16 00 00      30.4  ...        4.9        0.366

[17 rows x 7 columns]
20160501 20160528
Month is:  05               timestamp  air_temp  ...  wind_gust  water_level
0   2016-05-01 00 00 00      28.0  ...        4.2        0.607
1   2016-05-01 01 00 00      26.8  ...        3.8        0.632
2   2016-05-01 02 00 00      25.5  ...        4.0        0.655
3   2016-05-01 03 00 00      24.5  ...        5.5        0.656
4   2016-05-01 04 00 00      23.6  ...        3.0        0.610
5   2016-05-01 05 00 00      22.8  ...        2.8        0.548
6   2016-05-01 06 00 00      22.2  ...        2.7        0.483
7   2016-05-01 07 00 00      21.9  ...        3.4        0.426
8   2016-05-01 08 00 00      21.8  ...        3.9        0.366
9   2016-05-01 09 00 00      21.7  ...        3.6        0.309
10  2016-05-01 10 00 00      21.4  ...        3.5        0.256
11  2016-05-01 11 00 00      21.3  ...        4.0        0.228
12  2016-05-01 12 00 00      22.5  ...        3.1        0.252
13  2016-05-01 13 00 00      25.2  ...        6.8        0.309
14  2016-05-01 14 00 00      26.4  ...        6.7        0.366
15  2016-05-01 15 00 00      27.2  ...        6.6        0.424
16  2016-05-01 16 00 00      28.8  ...        5.6        0.488
17  2016-05-01 17 00 00      29.2  ...        4.9        0.530
18  2016-05-01 18 00 00      30.5  ...        6.4        0.536
19  2016-05-01 19 00 00      31.3  ...        6.6        0.506
20  2016-05-01 20 00 00      32.4  ...        3.8        0.464
21  2016-05-01 21 00 00      28.5  ...        5.6        0.431
22  2016-05-01 22 00 00      28.7  ...        4.1        0.411
23  2016-05-01 23 00 00      28.5  ...        4.3        0.446
24  2016-05-02 00 00 00      27.6  ...        3.8        0.514
25  2016-05-02 01 00 00      27.0  ...        2.4        0.564
26  2016-05-02 02 00 00      26.7  ...        1.2        0.614
27  2016-05-02 03 00 00      26.0  ...        3.9        0.660
28  2016-05-02 04 00 00      25.3  ...        2.9        0.674
29  2016-05-02 05 00 00      24.4  ...        2.0        0.654
30  2016-05-02 06 00 00      23.4  ...        2.1        0.589
31  2016-05-02 07 00 00      22.8  ...        2.6        0.523
32  2016-05-02 08 00 00      22.6  ...        2.8        0.463
33  2016-05-02 09 00 00      22.5  ...        2.1        0.403
34  2016-05-02 10 00 00      22.5  ...        2.8        0.346
35  2016-05-02 11 00 00      22.5  ...        1.9        0.299
36  2016-05-02 12 00 00      23.6  ...        2.4        0.280
37  2016-05-02 13 00 00      25.5  ...        5.2        0.313
38  2016-05-02 14 00 00      27.5  ...        7.6        0.382
39  2016-05-02 15 00 00      28.7  ...        4.7        0.453
40  2016-05-02 16 00 00      30.0  ...        5.7        0.524
41  2016-05-02 17 00 00      30.2  ...        3.4        0.588
42  2016-05-02 18 00 00      29.0  ...        5.2        0.619
43  2016-05-02 19 00 00      29.4  ...        5.6        0.619
44  2016-05-02 20 00 00      29.1  ...        6.8        0.584
45  2016-05-02 21 00 00      29.1  ...        5.6        0.519
46  2016-05-02 22 00 00      29.3  ...        5.1        0.458
47  2016-05-02 23 00 00      29.2  ...        2.9        0.417
48  2016-05-03 00 00 00      27.5  ...        4.6        0.398
49  2016-05-03 01 00 00      27.1  ...        2.1        0.441
50  2016-05-03 02 00 00      26.9  ...        2.7        0.502
51  2016-05-03 03 00 00      26.8  ...        2.7        0.552
52  2016-05-03 04 00 00      26.8  ...        3.1        0.609
53  2016-05-03 05 00 00      26.3  ...        2.5        0.643
54  2016-05-03 06 00 00      25.5  ...        3.3        0.649
55  2016-05-03 07 00 00      25.0  ...        4.2        0.606
56  2016-05-03 08 00 00      24.4  ...        3.6        0.533
57  2016-05-03 09 00 00      24.0  ...        2.4        0.471
58  2016-05-03 10 00 00      23.7  ...        1.7        0.410

[59 rows x 7 columns]
20160601 20160628
Month is:  06               timestamp  air_temp  ...  wind_gust  water_level
0   2016-06-01 00 00 00      25.3  ...        1.8        0.218
1   2016-06-01 01 00 00      26.1  ...        1.0        0.276
2   2016-06-01 02 00 00      27.0  ...        2.0        0.332
3   2016-06-01 03 00 00      25.9  ...        1.3        0.388
4   2016-06-01 04 00 00      25.1  ...        2.5        0.438
5   2016-06-01 05 00 00      24.4  ...        1.6        0.462
6   2016-06-01 06 00 00      24.1  ...        1.6        0.455
7   2016-06-01 07 00 00      23.8  ...        1.7        0.414
8   2016-06-01 08 00 00      24.0  ...        0.9        0.366
9   2016-06-01 09 00 00      23.4  ...        1.9        0.323
10  2016-06-01 10 00 00      23.1  ...        2.1        0.281
11  2016-06-01 11 00 00      23.2  ...        2.4        0.249
12  2016-06-01 12 00 00      25.9  ...        2.9        0.253
13  2016-06-01 13 00 00      27.4  ...        2.1        0.313
14  2016-06-01 14 00 00      28.8  ...        2.5        0.376
15  2016-06-01 15 00 00      28.4  ...        2.5        0.441
16  2016-06-01 16 00 00      29.0  ...        3.2        0.508
17  2016-06-01 17 00 00      30.5  ...        2.7        0.553
18  2016-06-01 18 00 00      30.5  ...        3.3        0.555
19  2016-06-01 19 00 00      31.0  ...        2.7        0.505
20  2016-06-01 20 00 00      31.8  ...        3.0        0.438
21  2016-06-01 21 00 00      32.1  ...        3.8        0.382
22  2016-06-01 22 00 00      31.5  ...        3.7        0.334
23  2016-06-01 23 00 00      24.7  ...       12.2        0.357
24  2016-06-02 00 00 00      22.6  ...        7.9        0.278
25  2016-06-02 01 00 00      22.6  ...        4.2        0.229
26  2016-06-02 02 00 00      22.3  ...        5.0        0.255
27  2016-06-02 03 00 00      23.5  ...        5.9        0.299
28  2016-06-02 04 00 00      24.2  ...        2.0        0.344
29  2016-06-02 05 00 00      23.7  ...        1.9        0.396
30  2016-06-02 06 00 00      23.6  ...        2.1        0.444
31  2016-06-02 07 00 00      23.8  ...        1.9        0.458
32  2016-06-02 08 00 00      24.0  ...        1.3        0.413
33  2016-06-02 09 00 00      23.1  ...        1.5        0.361
34  2016-06-02 10 00 00      23.6  ...        3.1        0.314
35  2016-06-02 11 00 00      23.4  ...        2.3        0.271
36  2016-06-02 12 00 00      24.7  ...        3.1        0.235
37  2016-06-02 13 00 00      27.1  ...        3.2        0.264
38  2016-06-02 14 00 00      28.4  ...        3.5        0.334
39  2016-06-02 15 00 00      29.4  ...        3.2        0.398
40  2016-06-02 16 00 00      30.4  ...        1.4        0.476

[41 rows x 7 columns]
20160701 20160728
Month is:  07               timestamp  air_temp  ...  wind_gust  water_level
0   2016-07-01 00 00 00      28.1  ...        4.3        0.226
1   2016-07-01 01 00 00      27.5  ...        1.6        0.202
2   2016-07-01 02 00 00      27.1  ...        1.7        0.222
3   2016-07-01 03 00 00      26.7  ...        2.2        0.282
4   2016-07-01 04 00 00      26.7  ...        1.7        0.340
..                  ...       ...  ...        ...          ...
71  2016-07-03 23 00 00      26.6  ...        5.3        0.390
72  2016-07-04 00 00 00      26.8  ...        4.5        0.328
73  2016-07-04 01 00 00      27.3  ...        2.5        0.269
74  2016-07-04 02 00 00      27.8  ...        1.7        0.215
75  2016-07-04 03 00 00      28.3  ...        0.9        0.167

[76 rows x 7 columns]
20160801 20160828
Month is:  08               timestamp  air_temp  ...  wind_gust  water_level
0   2016-08-01 00 00 00      23.8  ...        1.2        0.369
1   2016-08-01 01 00 00      24.6  ...        2.9        0.317
2   2016-08-01 02 00 00      24.7  ...        0.8        0.254
3   2016-08-01 03 00 00      25.4  ...        0.8        0.233
4   2016-08-01 04 00 00      25.4  ...        2.7        0.263
5   2016-08-01 05 00 00      25.1  ...        3.0        0.327
6   2016-08-01 06 00 00      25.1  ...        1.5        0.389
7   2016-08-01 07 00 00      25.1  ...        2.4        0.450
8   2016-08-01 08 00 00      25.1  ...        2.3        0.476
9   2016-08-01 09 00 00      25.0  ...        2.2        0.460
10  2016-08-01 10 00 00      25.0  ...        1.3        0.414
11  2016-08-01 11 00 00      24.8  ...        1.6        0.364
12  2016-08-01 12 00 00      25.7  ...        3.2        0.328
13  2016-08-01 13 00 00      27.2  ...        3.0        0.300
14  2016-08-01 14 00 00      28.8  ...        4.1        0.316
15  2016-08-01 15 00 00      30.1  ...        4.2        0.405
16  2016-08-01 16 00 00      30.7  ...        3.8        0.477
17  2016-08-01 17 00 00      31.7  ...        4.0        0.553
18  2016-08-01 18 00 00      32.1  ...        5.7        0.625
19  2016-08-01 19 00 00      32.2  ...        3.3        0.666
20  2016-08-01 20 00 00      32.5  ...        3.2        0.649
21  2016-08-01 21 00 00      27.6  ...        8.2        0.566
22  2016-08-01 22 00 00      25.8  ...        4.2        0.523
23  2016-08-01 23 00 00      26.1  ...        2.9        0.459
24  2016-08-02 00 00 00      26.1  ...        1.9        0.393
25  2016-08-02 01 00 00      26.4  ...        3.3        0.318
26  2016-08-02 02 00 00      27.8  ...        2.6        0.260
27  2016-08-02 03 00 00      27.9  ...        3.8        0.212
28  2016-08-02 04 00 00      27.3  ...        3.3        0.200
29  2016-08-02 05 00 00      27.1  ...        2.0        0.246
30  2016-08-02 06 00 00      27.0  ...        3.3        0.312
31  2016-08-02 07 00 00      26.8  ...        2.7        0.378
32  2016-08-02 08 00 00      26.7  ...        1.5        0.425
33  2016-08-02 09 00 00      26.0  ...        1.7        0.435
34  2016-08-02 10 00 00      26.0  ...        2.6        0.404
35  2016-08-02 11 00 00      25.0  ...        3.5        0.362
36  2016-08-02 12 00 00      25.9  ...        2.3        0.312
37  2016-08-02 13 00 00      27.3  ...        2.6        0.267
38  2016-08-02 14 00 00      29.1  ...        2.1        0.267
39  2016-08-02 15 00 00      30.1  ...        3.7        0.331
40  2016-08-02 16 00 00      31.7  ...        4.0        0.410
41  2016-08-02 17 00 00      31.3  ...        3.1        0.500
42  2016-08-02 18 00 00      33.3  ...        3.3        0.575
43  2016-08-02 19 00 00      33.4  ...        2.0        0.635
44  2016-08-02 20 00 00      24.5  ...       10.5        0.702
45  2016-08-02 21 00 00      25.3  ...        7.2        0.651
46  2016-08-02 22 00 00      24.3  ...        6.7        0.573
47  2016-08-02 23 00 00      24.6  ...        4.0        0.518
48  2016-08-03 00 00 00      24.6  ...        5.2        0.450
49  2016-08-03 01 00 00      24.5  ...        3.4        0.383
50  2016-08-03 02 00 00      24.8  ...        1.9        0.318
51  2016-08-03 03 00 00      25.1  ...        3.2        0.258

[52 rows x 7 columns]
20160901 20160928
Month is:  09                timestamp  air_temp  ...  wind_gust  water_level
0    2016-09-01 00 00 00      27.0  ...        3.3        0.616
1    2016-09-01 01 00 00      25.1  ...        8.1        0.571
2    2016-09-01 02 00 00      24.1  ...        6.0        0.555
3    2016-09-01 03 00 00      23.9  ...        2.9        0.528
4    2016-09-01 04 00 00      24.0  ...        3.2        0.587
..                   ...       ...  ...        ...          ...
97   2016-09-05 01 00 00      27.7  ...        2.9        0.450
98   2016-09-05 02 00 00      27.3  ...        4.6        0.400
99   2016-09-05 03 00 00      25.9  ...        6.9        0.341
100  2016-09-05 04 00 00      25.5  ...        4.0        0.306
101  2016-09-05 05 00 00      25.4  ...        4.1        0.277

[102 rows x 7 columns]
20161001 20161028
Month is:  10                timestamp  air_temp  ...  wind_gust  water_level
0    2016-10-01 00 00 00      26.2  ...        3.3        0.424
1    2016-10-01 01 00 00      24.9  ...        6.4        0.368
2    2016-10-01 02 00 00      24.7  ...        1.4        0.342
3    2016-10-01 03 00 00      25.0  ...        1.8        0.305
4    2016-10-01 04 00 00      24.9  ...        3.1        0.339
..                   ...       ...  ...        ...          ...
103  2016-10-05 07 00 00      25.4  ...        4.4        0.400
104  2016-10-05 08 00 00      25.1  ...        4.3        0.470
105  2016-10-05 09 00 00      25.1  ...        3.8        0.530
106  2016-10-05 10 00 00      24.7  ...        3.1        0.570
107  2016-10-05 11 00 00      24.3  ...        3.3        0.555

[108 rows x 7 columns]
20161101 20161128
Month is:  11               timestamp  air_temp  ...  wind_gust  water_level
0   2016-11-01 00 00 00      24.9  ...        5.4        0.401
1   2016-11-01 01 00 00      23.9  ...        5.4        0.351
2   2016-11-01 02 00 00      23.4  ...        6.0        0.321
3   2016-11-01 03 00 00      22.7  ...        5.9        0.315
4   2016-11-01 04 00 00      22.2  ...        4.5        0.360
5   2016-11-01 05 00 00      21.8  ...        3.4        0.450
6   2016-11-01 06 00 00      21.2  ...        5.2        0.520
7   2016-11-01 07 00 00      21.0  ...        4.0        0.577
8   2016-11-01 08 00 00      21.0  ...        4.7        0.614
9   2016-11-01 09 00 00      20.4  ...        4.6        0.606
10  2016-11-01 10 00 00      20.1  ...        3.3        0.557
11  2016-11-01 11 00 00      19.8  ...        3.9        0.484
12  2016-11-01 12 00 00      19.9  ...        4.2        0.419
13  2016-11-01 13 00 00      20.6  ...        3.9        0.353
14  2016-11-01 14 00 00      22.6  ...        3.5        0.295
15  2016-11-01 15 00 00      24.9  ...        6.7        0.236
16  2016-11-01 16 00 00      25.6  ...        6.5        0.185
17  2016-11-01 17 00 00      26.6  ...        8.0        0.177
18  2016-11-01 18 00 00      27.2  ...        7.6        0.236
19  2016-11-01 19 00 00      27.5  ...        8.7        0.302
20  2016-11-01 20 00 00      27.4  ...        8.5        0.371
21  2016-11-01 21 00 00      27.8  ...        9.1        0.430
22  2016-11-01 22 00 00      27.4  ...        6.2        0.463
23  2016-11-01 23 00 00      26.0  ...        4.7        0.465
24  2016-11-02 00 00 00      25.1  ...        3.7        0.439
25  2016-11-02 01 00 00      24.0  ...        4.6        0.400
26  2016-11-02 02 00 00      23.3  ...        2.6        0.361
27  2016-11-02 03 00 00      22.8  ...        2.6        0.342
28  2016-11-02 04 00 00      22.3  ...        4.2        0.371
29  2016-11-02 05 00 00      21.9  ...        4.1        0.447
30  2016-11-02 06 00 00      21.7  ...        4.0        0.521
31  2016-11-02 07 00 00      21.3  ...        4.5        0.584
32  2016-11-02 08 00 00      21.3  ...        4.4        0.633
33  2016-11-02 09 00 00      21.1  ...        3.2        0.644
34  2016-11-02 10 00 00      20.6  ...        3.1        0.599
35  2016-11-02 11 00 00      20.3  ...        3.5        0.526
36  2016-11-02 12 00 00      20.1  ...        3.5        0.458
37  2016-11-02 13 00 00      21.2  ...        4.1        0.393
38  2016-11-02 14 00 00      22.9  ...        3.3        0.329
39  2016-11-02 15 00 00      26.1  ...        5.6        0.268
40  2016-11-02 16 00 00      26.8  ...        6.4        0.213

[41 rows x 7 columns]
20161201 20161228
Month is:  12                timestamp  air_temp  ...  wind_gust  water_level
0    2016-12-01 00 00 00      24.1  ...        1.1        0.419
1    2016-12-01 01 00 00      24.0  ...        2.0        0.365
2    2016-12-01 02 00 00      23.5  ...        1.7        0.320
3    2016-12-01 03 00 00      23.1  ...        1.3        0.296
4    2016-12-01 04 00 00      22.4  ...        2.0        0.338
..                   ...       ...  ...        ...          ...
161  2016-12-07 17 00 00      24.6  ...        2.8        0.202
162  2016-12-07 18 00 00      26.4  ...        2.1        0.158
163  2016-12-07 19 00 00      25.5  ...        2.8        0.118
164  2016-12-07 20 00 00      26.8  ...        2.6        0.086
165  2016-12-07 21 00 00      27.1  ...        3.5        0.061

[166 rows x 7 columns]
20170101 20170128
Month is:  01               timestamp  air_temp  ...  wind_gust  water_level
0   2017-01-01 00 00 00      20.7  ...        1.1        0.329
1   2017-01-01 01 00 00      19.9  ...        1.0        0.312
2   2017-01-01 02 00 00      19.6  ...        2.2        0.269
3   2017-01-01 03 00 00      18.9  ...        2.9        0.226
4   2017-01-01 04 00 00      18.3  ...        2.8        0.200
..                  ...       ...  ...        ...          ...
93  2017-01-04 21 00 00      24.5  ...        5.5        0.260
94  2017-01-04 22 00 00      23.4  ...        7.1        0.310
95  2017-01-04 23 00 00      22.5  ...        4.0        0.359
96  2017-01-05 00 00 00      21.4  ...        3.8        0.414
97  2017-01-05 01 00 00      20.7  ...        3.3        0.443

[98 rows x 7 columns]
20170201 20170228
Month is:  02                timestamp  air_temp  ...  wind_gust  water_level
0    2017-02-01 00 00 00      18.8  ...        2.9        0.162
1    2017-02-01 01 00 00      17.5  ...        2.7        0.126
2    2017-02-01 02 00 00      16.3  ...        2.6        0.074
3    2017-02-01 03 00 00      16.6  ...        3.4        0.032
4    2017-02-01 04 00 00      14.8  ...        3.1       -0.008
..                   ...       ...  ...        ...          ...
105  2017-02-05 09 00 00      17.0  ...        3.3       -0.008
106  2017-02-05 10 00 00      16.2  ...        3.9       -0.051
107  2017-02-05 11 00 00      15.5  ...        3.1       -0.080
108  2017-02-05 12 00 00      15.2  ...        2.8       -0.069
109  2017-02-05 13 00 00      14.1  ...        3.0       -0.021

[110 rows x 7 columns]
20170301 20170328
Month is:  03               timestamp  air_temp  ...  wind_gust  water_level
0   2017-03-01 00 00 00      25.3  ...        2.7        0.305
1   2017-03-01 01 00 00      25.0  ...        1.8        0.241
2   2017-03-01 02 00 00      24.6  ...        0.3        0.188
3   2017-03-01 03 00 00      24.6  ...        2.9        0.133
4   2017-03-01 04 00 00      23.3  ...        4.0        0.086
5   2017-03-01 05 00 00      22.2  ...        4.9        0.068
6   2017-03-01 06 00 00      21.7  ...        4.3        0.129
7   2017-03-01 07 00 00      21.2  ...        3.0        0.197
8   2017-03-01 08 00 00      20.5  ...        2.4        0.255
9   2017-03-01 09 00 00      19.9  ...        3.1        0.326
10  2017-03-01 10 00 00      19.5  ...        3.3        0.369
11  2017-03-01 11 00 00      19.2  ...        2.5        0.372
12  2017-03-01 12 00 00      18.9  ...        2.1        0.323
13  2017-03-01 13 00 00      20.8  ...        2.1        0.259

[14 rows x 7 columns]
20170401 20170428
Month is:  04                timestamp  air_temp  ...  wind_gust  water_level
0    2017-04-01 00 00 00      24.4  ...        3.2        0.634
1    2017-04-01 01 00 00      23.9  ...        2.5        0.568
2    2017-04-01 02 00 00      23.6  ...        2.1        0.499
3    2017-04-01 03 00 00      23.1  ...        1.3        0.427
4    2017-04-01 04 00 00      22.6  ...        2.5        0.358
..                   ...       ...  ...        ...          ...
126  2017-04-06 06 00 00      25.2  ...        4.6        0.489
127  2017-04-06 07 00 00      25.2  ...        4.0        0.440
128  2017-04-06 08 00 00      25.3  ...        4.3        0.389
129  2017-04-06 09 00 00      25.4  ...        6.3        0.334
130  2017-04-06 10 00 00      25.7  ...        4.7        0.276

[131 rows x 7 columns]
20170501 20170528
Month is:  05               timestamp  air_temp  ...  wind_gust  water_level
0   2017-05-01 00 00 00      29.2  ...        5.2        0.605
1   2017-05-01 01 00 00      28.0  ...        4.9        0.552
2   2017-05-01 02 00 00      26.7  ...        6.9        0.484
3   2017-05-01 03 00 00      25.7  ...        6.6        0.420
4   2017-05-01 04 00 00      24.9  ...        5.6        0.356
..                  ...       ...  ...        ...          ...
78  2017-05-04 06 00 00      23.5  ...        1.8        0.359
79  2017-05-04 07 00 00      23.5  ...        1.9        0.307
80  2017-05-04 08 00 00      23.1  ...        1.7        0.252
81  2017-05-04 09 00 00      22.8  ...        2.3        0.202
82  2017-05-04 10 00 00      22.4  ...        2.0        0.165

[83 rows x 7 columns]
20170601 20170628
Month is:  06               timestamp  air_temp  ...  wind_gust  water_level
0   2017-06-01 00 00 00      29.9  ...        5.5        0.448
1   2017-06-01 01 00 00      25.1  ...        3.1        0.453
2   2017-06-01 02 00 00      24.8  ...        4.3        0.419
3   2017-06-01 03 00 00      23.1  ...        2.6        0.365
4   2017-06-01 04 00 00      23.4  ...        2.1        0.320
5   2017-06-01 05 00 00      23.7  ...        2.7        0.265
6   2017-06-01 06 00 00      24.6  ...        2.5        0.213
7   2017-06-01 07 00 00      23.4  ...        2.8        0.155
8   2017-06-01 08 00 00      23.7  ...        2.9        0.105
9   2017-06-01 09 00 00      23.8  ...        2.7        0.072
10  2017-06-01 10 00 00      23.6  ...        2.5        0.080
11  2017-06-01 11 00 00      23.8  ...        2.1        0.138
12  2017-06-01 12 00 00      25.6  ...        2.3        0.188
13  2017-06-01 13 00 00      27.4  ...        3.5        0.236
14  2017-06-01 14 00 00      29.4  ...        3.9        0.281
15  2017-06-01 15 00 00      30.2  ...        4.0        0.310
16  2017-06-01 16 00 00      30.8  ...        4.0        0.322
17  2017-06-01 17 00 00      30.8  ...        3.2        0.312
18  2017-06-01 18 00 00      31.6  ...        3.6        0.285
19  2017-06-01 19 00 00      24.3  ...        5.5        0.274
20  2017-06-01 20 00 00      30.1  ...        3.6        0.216
21  2017-06-01 21 00 00      31.0  ...        4.0        0.205
22  2017-06-01 22 00 00      30.9  ...        4.7        0.227
23  2017-06-01 23 00 00      30.1  ...        3.6        0.267
24  2017-06-02 00 00 00      27.4  ...        4.2        0.311
25  2017-06-02 01 00 00      26.5  ...        2.7        0.333
26  2017-06-02 02 00 00      26.2  ...        2.7        0.360
27  2017-06-02 03 00 00      25.8  ...        3.6        0.368
28  2017-06-02 04 00 00      25.6  ...        4.3        0.345
29  2017-06-02 05 00 00      25.1  ...        3.4        0.289
30  2017-06-02 06 00 00      24.8  ...        2.6        0.239
31  2017-06-02 07 00 00      24.6  ...        2.5        0.189
32  2017-06-02 08 00 00      24.7  ...        1.8        0.142

[33 rows x 7 columns]
20170701 20170728
Month is:  07               timestamp  air_temp  ...  wind_gust  water_level
0   2017-07-01 00 00 00      27.2  ...        2.3        0.351
1   2017-07-01 01 00 00      27.3  ...        1.9        0.388
2   2017-07-01 02 00 00      27.5  ...        2.2        0.400
3   2017-07-01 03 00 00      27.0  ...        2.3        0.391
4   2017-07-01 04 00 00      26.0  ...        2.6        0.338
5   2017-07-01 05 00 00      25.7  ...        2.0        0.286
6   2017-07-01 06 00 00      25.5  ...        2.1        0.239
7   2017-07-01 07 00 00      25.5  ...        1.9        0.193
8   2017-07-01 08 00 00      25.2  ...        2.2        0.155
9   2017-07-01 09 00 00      25.2  ...        2.1        0.140
10  2017-07-01 10 00 00      25.2  ...        0.9        0.191
11  2017-07-01 11 00 00      25.5  ...        1.9        0.260
12  2017-07-01 12 00 00      26.2  ...        1.8        0.318
13  2017-07-01 13 00 00      27.5  ...        1.3        0.377
14  2017-07-01 14 00 00      29.0  ...        3.0        0.420
15  2017-07-01 15 00 00      30.0  ...        2.8        0.451
16  2017-07-01 16 00 00      31.6  ...        4.4        0.439
17  2017-07-01 17 00 00      31.6  ...        3.4        0.399
18  2017-07-01 18 00 00      32.8  ...        2.1        0.343
19  2017-07-01 19 00 00      33.3  ...        1.6        0.293
20  2017-07-01 20 00 00      31.5  ...        7.3        0.257
21  2017-07-01 21 00 00      31.1  ...        5.4        0.212
22  2017-07-01 22 00 00      30.6  ...        5.2        0.189
23  2017-07-01 23 00 00      27.5  ...        9.4        0.200
24  2017-07-02 00 00 00      24.5  ...        6.4        0.241
25  2017-07-02 01 00 00      24.5  ...        3.6        0.260
26  2017-07-02 02 00 00      24.6  ...        1.1        0.282
27  2017-07-02 03 00 00      25.9  ...        0.8        0.302
28  2017-07-02 04 00 00      26.0  ...        3.5        0.293
29  2017-07-02 05 00 00      26.0  ...        2.8        0.264
30  2017-07-02 06 00 00      25.7  ...        1.1        0.229
31  2017-07-02 07 00 00      25.3  ...        3.1        0.193
32  2017-07-02 08 00 00      25.6  ...        1.5        0.157
33  2017-07-02 09 00 00      25.1  ...        2.5        0.135
34  2017-07-02 10 00 00      24.9  ...        2.0        0.141
35  2017-07-02 11 00 00      25.3  ...        1.3        0.196
36  2017-07-02 12 00 00      26.6  ...        2.5        0.262
37  2017-07-02 13 00 00      27.8  ...        2.7        0.322
38  2017-07-02 14 00 00      29.3  ...        3.4        0.379
39  2017-07-02 15 00 00      30.3  ...        3.6        0.425
40  2017-07-02 16 00 00      30.9  ...        2.5        0.449
41  2017-07-02 17 00 00      31.6  ...        2.4        0.428
42  2017-07-02 18 00 00      32.5  ...        2.5        0.371
43  2017-07-02 19 00 00      32.5  ...        2.5        0.313
44  2017-07-02 20 00 00      33.4  ...        2.2        0.268
45  2017-07-02 21 00 00      33.0  ...        2.8        0.223
46  2017-07-02 22 00 00      35.2  ...        2.2        0.179
47  2017-07-02 23 00 00      29.3  ...        6.2        0.150
48  2017-07-03 00 00 00      27.2  ...        6.1        0.175
49  2017-07-03 01 00 00      27.0  ...        3.4        0.185
50  2017-07-03 02 00 00      27.8  ...        2.4        0.229
51  2017-07-03 03 00 00      27.3  ...        1.9        0.281
52  2017-07-03 04 00 00      27.1  ...        2.0        0.308
53  2017-07-03 05 00 00      26.7  ...        3.0        0.326
54  2017-07-03 06 00 00      26.8  ...        2.1        0.312

[55 rows x 7 columns]
20170801 20170828
Month is:  08               timestamp  air_temp  ...  wind_gust  water_level
0   2017-08-01 00 00 00      28.7  ...        7.6        0.519
1   2017-08-01 01 00 00      28.2  ...        5.7        0.504
2   2017-08-01 02 00 00      26.6  ...        4.0        0.499
3   2017-08-01 03 00 00      26.4  ...        2.1        0.491
4   2017-08-01 04 00 00      26.1  ...        1.3        0.472
5   2017-08-01 05 00 00      25.5  ...        3.5        0.452
6   2017-08-01 06 00 00      25.5  ...        3.5        0.454
7   2017-08-01 07 00 00      26.1  ...        5.6        0.444
8   2017-08-01 08 00 00      26.1  ...        4.3        0.463
9   2017-08-01 09 00 00      26.3  ...        2.9        0.464
10  2017-08-01 10 00 00      26.4  ...        1.9        0.489
11  2017-08-01 11 00 00      26.6  ...        2.4        0.550
12  2017-08-01 12 00 00      27.8  ...        2.5        0.575
13  2017-08-01 13 00 00      27.6  ...        2.2        0.633
14  2017-08-01 14 00 00      28.3  ...        2.9        0.650
15  2017-08-01 15 00 00      30.0  ...        1.5        0.663
16  2017-08-01 16 00 00      30.0  ...        5.4        0.633
17  2017-08-01 17 00 00      29.9  ...        3.5        0.592
18  2017-08-01 18 00 00      29.9  ...        5.9        0.551
19  2017-08-01 19 00 00      30.6  ...        5.1        0.494
20  2017-08-01 20 00 00      29.6  ...        6.7        0.447
21  2017-08-01 21 00 00      29.8  ...        4.7        0.387
22  2017-08-01 22 00 00      29.7  ...        6.1        0.341
23  2017-08-01 23 00 00      26.8  ...        9.3        0.314

[24 rows x 7 columns]
20170901 20170928
Month is:  09                timestamp  air_temp  ...  wind_gust  water_level
0    2017-09-01 00 00 00      30.5  ...        2.7        0.183
1    2017-09-01 01 00 00      30.1  ...        2.8        0.191
2    2017-09-01 02 00 00      28.1  ...        1.7        0.229
3    2017-09-01 03 00 00      27.9  ...        3.2        0.278
4    2017-09-01 04 00 00      28.0  ...        1.8        0.328
..                   ...       ...  ...        ...          ...
128  2017-09-06 08 00 00      25.0  ...        1.8        0.582
129  2017-09-06 09 00 00      25.0  ...        1.7        0.601
130  2017-09-06 10 00 00      24.7  ...        2.5        0.572
131  2017-09-06 11 00 00      24.8  ...        3.1        0.504
132  2017-09-06 12 00 00      25.6  ...        1.4        0.460

[133 rows x 7 columns]
20171001 20171028
Month is:  10                timestamp  air_temp  ...  wind_gust  water_level
0    2017-10-01 00 00 00      27.4  ...        2.5        0.373
1    2017-10-01 01 00 00      27.2  ...        1.7        0.378
2    2017-10-01 02 00 00      27.2  ...        1.2        0.432
3    2017-10-01 03 00 00      26.5  ...        1.4        0.493
4    2017-10-01 04 00 00      25.9  ...        2.3        0.556
..                   ...       ...  ...        ...          ...
107  2017-10-05 11 00 00      24.3  ...        6.4        0.436
108  2017-10-05 12 00 00      23.7  ...        6.3        0.398
109  2017-10-05 13 00 00      23.5  ...        4.2        0.359
110  2017-10-05 14 00 00      24.4  ...        6.0        0.320
111  2017-10-05 15 00 00      24.9  ...        6.3        0.310

[112 rows x 7 columns]
20171101 20171128
Month is:  11               timestamp  air_temp  ...  wind_gust  water_level
0   2017-11-01 00 00 00      21.2  ...        2.3        0.179
1   2017-11-01 01 00 00      20.5  ...        2.5        0.174
2   2017-11-01 02 00 00      20.6  ...        3.1        0.217
3   2017-11-01 03 00 00      19.8  ...        2.6        0.289
4   2017-11-01 04 00 00      19.4  ...        3.8        0.354
..                  ...       ...  ...        ...          ...
79  2017-11-04 07 00 00      22.0  ...        3.2        0.562
80  2017-11-04 08 00 00      21.4  ...        3.2        0.564
81  2017-11-04 09 00 00      20.7  ...        3.2        0.504
82  2017-11-04 10 00 00      20.0  ...        3.1        0.437
83  2017-11-04 11 00 00      19.5  ...        3.4        0.380

[84 rows x 7 columns]
20171201 20171228
Month is:  12               timestamp  air_temp  ...  wind_gust  water_level
0   2017-12-01 00 00 00      24.1  ...        4.0        0.248
1   2017-12-01 01 00 00      23.4  ...        3.2        0.302
2   2017-12-01 02 00 00      22.8  ...        5.9        0.386
3   2017-12-01 03 00 00      21.9  ...        5.4        0.449
4   2017-12-01 04 00 00      21.3  ...        3.6        0.517
..                  ...       ...  ...        ...          ...
75  2017-12-04 03 00 00      21.6  ...        2.1        0.362
76  2017-12-04 04 00 00      21.2  ...        2.8        0.446
77  2017-12-04 05 00 00      20.9  ...        4.1        0.525
78  2017-12-04 06 00 00      19.4  ...        1.8        0.602
79  2017-12-04 07 00 00      19.8  ...        2.1        0.663

[80 rows x 7 columns]
20180101 20180129
Month is:  01               timestamp  air_temp  ...  wind_gust  water_level
0   2018-01-01 00 00 00      19.9  ...        2.3        0.129
1   2018-01-01 01 00 00      18.8  ...        1.7        0.141
2   2018-01-01 02 00 00      18.5  ...        0.9        0.213
3   2018-01-01 03 00 00      17.6  ...        2.6        0.284
4   2018-01-01 04 00 00      16.8  ...        2.1        0.354
..                  ...       ...  ...        ...          ...
66  2018-01-03 18 00 00      11.8  ...        9.2       -0.170
67  2018-01-03 19 00 00      12.5  ...        8.6       -0.137
68  2018-01-03 20 00 00      14.1  ...        9.1       -0.077
69  2018-01-03 21 00 00      14.4  ...       10.4       -0.027
70  2018-01-03 22 00 00      14.8  ...       11.4        0.035

[71 rows x 7 columns]
20180201 20180229
Caught an error: Invalid date format '20180229' provided.See https://tidesandcurrents.noaa.gov/api/ for list of accepted date formats., some obs not available in this period
20180301 20180329
Month is:  03               timestamp  air_temp  ...  wind_gust  water_level
0   2018-03-01 00 00 00      25.2  ...        2.8        0.183
1   2018-03-01 01 00 00      24.8  ...        2.7        0.147
2   2018-03-01 02 00 00      24.2  ...        3.0        0.148
3   2018-03-01 03 00 00      24.0  ...        1.4        0.217
4   2018-03-01 04 00 00      23.3  ...        3.4        0.287
..                  ...       ...  ...        ...          ...
78  2018-03-04 06 00 00      15.3  ...        4.4        0.038
79  2018-03-04 07 00 00      15.0  ...        3.8        0.100
80  2018-03-04 08 00 00      13.3  ...        4.4        0.149
81  2018-03-04 09 00 00      12.4  ...        3.4        0.210
82  2018-03-04 10 00 00      11.8  ...        3.3        0.252

[83 rows x 7 columns]
20180401 20180429
Traceback (most recent call last):
  File "/contrib/Mamoudou.Ba/storm_surge/./noaa_coop_storm_surge_data_retrieval.py", line 66, in <module>
    time_zone="gmt")
               ^^^^^
  File "/contrib/Mamoudou.Ba/miniconda3/envs/mlaws2t/lib/python3.11/site-packages/noaa_coops/station.py", line 700, in get_data
    df = self._make_api_request(data_url, product)
         ^^^^^^^^^^^^^^^^^^^^^^^^^^^^^^^^^^^^^^^^^
  File "/contrib/Mamoudou.Ba/miniconda3/envs/mlaws2t/lib/python3.11/site-packages/noaa_coops/station.py", line 426, in _make_api_request
    raise COOPSAPIError(message=err_msg)
noaa_coops.station.COOPSAPIError: CO-OPS API returned an error: No data was found. This product may not be offered at this station at the requested time.
